Case #1: Possible
158 1 1 1 1 1 1 1 1 1 1 1 1 
404 404 404 404 404 404 404 404 404 404 404 404 1 
404 404 404 404 404 404 404 404 404 404 404 404 1 
404 404 404 404 404 404 404 404 404 404 404 404 1 
404 404 404 404 404 404 404 404 404 404 404 404 1 
404 404 404 404 404 404 404 404 404 404 404 404 1 
404 404 404 404 404 404 404 404 404 404 404 404 1 
404 404 404 404 404 404 404 404 404 404 404 404 1 
404 404 404 404 404 404 404 404 404 404 404 404 1 
404 404 404 404 404 404 404 404 404 404 404 404 1 
382 1 1 1 1 1 1 1 1 1 1 1 1 
Case #2: Possible
902 1 1 1 1 1 1 1 1 1 1 1 1 1 1 1 1 1 1 1 1 1 1 1 1 1 1 1 1 1 1 1 1 1 1 1 1 1 1 1 1 1 1 1 1 1 1 1 1 1 
1000 1000 1000 1000 1000 1000 1000 1000 1000 1000 1000 1000 1000 1000 1000 1000 1000 1000 1000 1000 1000 1000 1000 1000 1000 1000 1000 1000 1000 1000 1000 1000 1000 1000 1000 1000 1000 1000 1000 1000 1000 1000 1000 1000 1000 1000 1000 1000 1000 1 
1000 1000 1000 1000 1000 1000 1000 1000 1000 1000 1000 1000 1000 1000 1000 1000 1000 1000 1000 1000 1000 1000 1000 1000 1000 1000 1000 1000 1000 1000 1000 1000 1000 1000 1000 1000 1000 1000 1000 1000 1000 1000 1000 1000 1000 1000 1000 1000 1000 1 
1000 1000 1000 1000 1000 1000 1000 1000 1000 1000 1000 1000 1000 1000 1000 1000 1000 1000 1000 1000 1000 1000 1000 1000 1000 1000 1000 1000 1000 1000 1000 1000 1000 1000 1000 1000 1000 1000 1000 1000 1000 1000 1000 1000 1000 1000 1000 1000 1000 1 
1000 1000 1000 1000 1000 1000 1000 1000 1000 1000 1000 1000 1000 1000 1000 1000 1000 1000 1000 1000 1000 1000 1000 1000 1000 1000 1000 1000 1000 1000 1000 1000 1000 1000 1000 1000 1000 1000 1000 1000 1000 1000 1000 1000 1000 1000 1000 1000 1000 1 
1000 1000 1000 1000 1000 1000 1000 1000 1000 1000 1000 1000 1000 1000 1000 1000 1000 1000 1000 1000 1000 1000 1000 1000 1000 1000 1000 1000 1000 1000 1000 1000 1000 1000 1000 1000 1000 1000 1000 1000 1000 1000 1000 1000 1000 1000 1000 1000 1000 1 
1000 1000 1000 1000 1000 1000 1000 1000 1000 1000 1000 1000 1000 1000 1000 1000 1000 1000 1000 1000 1000 1000 1000 1000 1000 1000 1000 1000 1000 1000 1000 1000 1000 1000 1000 1000 1000 1000 1000 1000 1000 1000 1000 1000 1000 1000 1000 1000 1000 1 
1000 1000 1000 1000 1000 1000 1000 1000 1000 1000 1000 1000 1000 1000 1000 1000 1000 1000 1000 1000 1000 1000 1000 1000 1000 1000 1000 1000 1000 1000 1000 1000 1000 1000 1000 1000 1000 1000 1000 1000 1000 1000 1000 1000 1000 1000 1000 1000 1000 1 
1000 1000 1000 1000 1000 1000 1000 1000 1000 1000 1000 1000 1000 1000 1000 1000 1000 1000 1000 1000 1000 1000 1000 1000 1000 1000 1000 1000 1000 1000 1000 1000 1000 1000 1000 1000 1000 1000 1000 1000 1000 1000 1000 1000 1000 1000 1000 1000 1000 1 
1000 1000 1000 1000 1000 1000 1000 1000 1000 1000 1000 1000 1000 1000 1000 1000 1000 1000 1000 1000 1000 1000 1000 1000 1000 1000 1000 1000 1000 1000 1000 1000 1000 1000 1000 1000 1000 1000 1000 1000 1000 1000 1000 1000 1000 1000 1000 1000 1000 1 
1000 1000 1000 1000 1000 1000 1000 1000 1000 1000 1000 1000 1000 1000 1000 1000 1000 1000 1000 1000 1000 1000 1000 1000 1000 1000 1000 1000 1000 1000 1000 1000 1000 1000 1000 1000 1000 1000 1000 1000 1000 1000 1000 1000 1000 1000 1000 1000 1000 1 
1000 1000 1000 1000 1000 1000 1000 1000 1000 1000 1000 1000 1000 1000 1000 1000 1000 1000 1000 1000 1000 1000 1000 1000 1000 1000 1000 1000 1000 1000 1000 1000 1000 1000 1000 1000 1000 1000 1000 1000 1000 1000 1000 1000 1000 1000 1000 1000 1000 1 
1000 1000 1000 1000 1000 1000 1000 1000 1000 1000 1000 1000 1000 1000 1000 1000 1000 1000 1000 1000 1000 1000 1000 1000 1000 1000 1000 1000 1000 1000 1000 1000 1000 1000 1000 1000 1000 1000 1000 1000 1000 1000 1000 1000 1000 1000 1000 1000 1000 1 
1000 1000 1000 1000 1000 1000 1000 1000 1000 1000 1000 1000 1000 1000 1000 1000 1000 1000 1000 1000 1000 1000 1000 1000 1000 1000 1000 1000 1000 1000 1000 1000 1000 1000 1000 1000 1000 1000 1000 1000 1000 1000 1000 1000 1000 1000 1000 1000 1000 1 
1000 1000 1000 1000 1000 1000 1000 1000 1000 1000 1000 1000 1000 1000 1000 1000 1000 1000 1000 1000 1000 1000 1000 1000 1000 1000 1000 1000 1000 1000 1000 1000 1000 1000 1000 1000 1000 1000 1000 1000 1000 1000 1000 1000 1000 1000 1000 1000 1000 1 
1000 1000 1000 1000 1000 1000 1000 1000 1000 1000 1000 1000 1000 1000 1000 1000 1000 1000 1000 1000 1000 1000 1000 1000 1000 1000 1000 1000 1000 1000 1000 1000 1000 1000 1000 1000 1000 1000 1000 1000 1000 1000 1000 1000 1000 1000 1000 1000 1000 1 
1000 1000 1000 1000 1000 1000 1000 1000 1000 1000 1000 1000 1000 1000 1000 1000 1000 1000 1000 1000 1000 1000 1000 1000 1000 1000 1000 1000 1000 1000 1000 1000 1000 1000 1000 1000 1000 1000 1000 1000 1000 1000 1000 1000 1000 1000 1000 1000 1000 1 
1000 1000 1000 1000 1000 1000 1000 1000 1000 1000 1000 1000 1000 1000 1000 1000 1000 1000 1000 1000 1000 1000 1000 1000 1000 1000 1000 1000 1000 1000 1000 1000 1000 1000 1000 1000 1000 1000 1000 1000 1000 1000 1000 1000 1000 1000 1000 1000 1000 1 
1000 1000 1000 1000 1000 1000 1000 1000 1000 1000 1000 1000 1000 1000 1000 1000 1000 1000 1000 1000 1000 1000 1000 1000 1000 1000 1000 1000 1000 1000 1000 1000 1000 1000 1000 1000 1000 1000 1000 1000 1000 1000 1000 1000 1000 1000 1000 1000 1000 1 
1000 1000 1000 1000 1000 1000 1000 1000 1000 1000 1000 1000 1000 1000 1000 1000 1000 1000 1000 1000 1000 1000 1000 1000 1000 1000 1000 1000 1000 1000 1000 1000 1000 1000 1000 1000 1000 1000 1000 1000 1000 1000 1000 1000 1000 1000 1000 1000 1000 1 
1000 1000 1000 1000 1000 1000 1000 1000 1000 1000 1000 1000 1000 1000 1000 1000 1000 1000 1000 1000 1000 1000 1000 1000 1000 1000 1000 1000 1000 1000 1000 1000 1000 1000 1000 1000 1000 1000 1000 1000 1000 1000 1000 1000 1000 1000 1000 1000 1000 1 
1000 1000 1000 1000 1000 1000 1000 1000 1000 1000 1000 1000 1000 1000 1000 1000 1000 1000 1000 1000 1000 1000 1000 1000 1000 1000 1000 1000 1000 1000 1000 1000 1000 1000 1000 1000 1000 1000 1000 1000 1000 1000 1000 1000 1000 1000 1000 1000 1000 1 
1000 1000 1000 1000 1000 1000 1000 1000 1000 1000 1000 1000 1000 1000 1000 1000 1000 1000 1000 1000 1000 1000 1000 1000 1000 1000 1000 1000 1000 1000 1000 1000 1000 1000 1000 1000 1000 1000 1000 1000 1000 1000 1000 1000 1000 1000 1000 1000 1000 1 
1000 1000 1000 1000 1000 1000 1000 1000 1000 1000 1000 1000 1000 1000 1000 1000 1000 1000 1000 1000 1000 1000 1000 1000 1000 1000 1000 1000 1000 1000 1000 1000 1000 1000 1000 1000 1000 1000 1000 1000 1000 1000 1000 1000 1000 1000 1000 1000 1000 1 
1000 1000 1000 1000 1000 1000 1000 1000 1000 1000 1000 1000 1000 1000 1000 1000 1000 1000 1000 1000 1000 1000 1000 1000 1000 1000 1000 1000 1000 1000 1000 1000 1000 1000 1000 1000 1000 1000 1000 1000 1000 1000 1000 1000 1000 1000 1000 1000 1000 1 
1000 1000 1000 1000 1000 1000 1000 1000 1000 1000 1000 1000 1000 1000 1000 1000 1000 1000 1000 1000 1000 1000 1000 1000 1000 1000 1000 1000 1000 1000 1000 1000 1000 1000 1000 1000 1000 1000 1000 1000 1000 1000 1000 1000 1000 1000 1000 1000 1000 1 
1000 1000 1000 1000 1000 1000 1000 1000 1000 1000 1000 1000 1000 1000 1000 1000 1000 1000 1000 1000 1000 1000 1000 1000 1000 1000 1000 1000 1000 1000 1000 1000 1000 1000 1000 1000 1000 1000 1000 1000 1000 1000 1000 1000 1000 1000 1000 1000 1000 1 
1000 1000 1000 1000 1000 1000 1000 1000 1000 1000 1000 1000 1000 1000 1000 1000 1000 1000 1000 1000 1000 1000 1000 1000 1000 1000 1000 1000 1000 1000 1000 1000 1000 1000 1000 1000 1000 1000 1000 1000 1000 1000 1000 1000 1000 1000 1000 1000 1000 1 
1000 1000 1000 1000 1000 1000 1000 1000 1000 1000 1000 1000 1000 1000 1000 1000 1000 1000 1000 1000 1000 1000 1000 1000 1000 1000 1000 1000 1000 1000 1000 1000 1000 1000 1000 1000 1000 1000 1000 1000 1000 1000 1000 1000 1000 1000 1000 1000 1000 1 
1000 1000 1000 1000 1000 1000 1000 1000 1000 1000 1000 1000 1000 1000 1000 1000 1000 1000 1000 1000 1000 1000 1000 1000 1000 1000 1000 1000 1000 1000 1000 1000 1000 1000 1000 1000 1000 1000 1000 1000 1000 1000 1000 1000 1000 1000 1000 1000 1000 1 
1000 1000 1000 1000 1000 1000 1000 1000 1000 1000 1000 1000 1000 1000 1000 1000 1000 1000 1000 1000 1000 1000 1000 1000 1000 1000 1000 1000 1000 1000 1000 1000 1000 1000 1000 1000 1000 1000 1000 1000 1000 1000 1000 1000 1000 1000 1000 1000 1000 1 
1000 1000 1000 1000 1000 1000 1000 1000 1000 1000 1000 1000 1000 1000 1000 1000 1000 1000 1000 1000 1000 1000 1000 1000 1000 1000 1000 1000 1000 1000 1000 1000 1000 1000 1000 1000 1000 1000 1000 1000 1000 1000 1000 1000 1000 1000 1000 1000 1000 1 
1000 1000 1000 1000 1000 1000 1000 1000 1000 1000 1000 1000 1000 1000 1000 1000 1000 1000 1000 1000 1000 1000 1000 1000 1000 1000 1000 1000 1000 1000 1000 1000 1000 1000 1000 1000 1000 1000 1000 1000 1000 1000 1000 1000 1000 1000 1000 1000 1000 1 
1000 1000 1000 1000 1000 1000 1000 1000 1000 1000 1000 1000 1000 1000 1000 1000 1000 1000 1000 1000 1000 1000 1000 1000 1000 1000 1000 1000 1000 1000 1000 1000 1000 1000 1000 1000 1000 1000 1000 1000 1000 1000 1000 1000 1000 1000 1000 1000 1000 1 
1000 1000 1000 1000 1000 1000 1000 1000 1000 1000 1000 1000 1000 1000 1000 1000 1000 1000 1000 1000 1000 1000 1000 1000 1000 1000 1000 1000 1000 1000 1000 1000 1000 1000 1000 1000 1000 1000 1000 1000 1000 1000 1000 1000 1000 1000 1000 1000 1000 1 
1000 1000 1000 1000 1000 1000 1000 1000 1000 1000 1000 1000 1000 1000 1000 1000 1000 1000 1000 1000 1000 1000 1000 1000 1000 1000 1000 1000 1000 1000 1000 1000 1000 1000 1000 1000 1000 1000 1000 1000 1000 1000 1000 1000 1000 1000 1000 1000 1000 1 
1000 1000 1000 1000 1000 1000 1000 1000 1000 1000 1000 1000 1000 1000 1000 1000 1000 1000 1000 1000 1000 1000 1000 1000 1000 1000 1000 1000 1000 1000 1000 1000 1000 1000 1000 1000 1000 1000 1000 1000 1000 1000 1000 1000 1000 1000 1000 1000 1000 1 
1000 1000 1000 1000 1000 1000 1000 1000 1000 1000 1000 1000 1000 1000 1000 1000 1000 1000 1000 1000 1000 1000 1000 1000 1000 1000 1000 1000 1000 1000 1000 1000 1000 1000 1000 1000 1000 1000 1000 1000 1000 1000 1000 1000 1000 1000 1000 1000 1000 1 
1000 1000 1000 1000 1000 1000 1000 1000 1000 1000 1000 1000 1000 1000 1000 1000 1000 1000 1000 1000 1000 1000 1000 1000 1000 1000 1000 1000 1000 1000 1000 1000 1000 1000 1000 1000 1000 1000 1000 1000 1000 1000 1000 1000 1000 1000 1000 1000 1000 1 
1000 1000 1000 1000 1000 1000 1000 1000 1000 1000 1000 1000 1000 1000 1000 1000 1000 1000 1000 1000 1000 1000 1000 1000 1000 1000 1000 1000 1000 1000 1000 1000 1000 1000 1000 1000 1000 1000 1000 1000 1000 1000 1000 1000 1000 1000 1000 1000 1000 1 
1000 1000 1000 1000 1000 1000 1000 1000 1000 1000 1000 1000 1000 1000 1000 1000 1000 1000 1000 1000 1000 1000 1000 1000 1000 1000 1000 1000 1000 1000 1000 1000 1000 1000 1000 1000 1000 1000 1000 1000 1000 1000 1000 1000 1000 1000 1000 1000 1000 1 
1000 1000 1000 1000 1000 1000 1000 1000 1000 1000 1000 1000 1000 1000 1000 1000 1000 1000 1000 1000 1000 1000 1000 1000 1000 1000 1000 1000 1000 1000 1000 1000 1000 1000 1000 1000 1000 1000 1000 1000 1000 1000 1000 1000 1000 1000 1000 1000 1000 1 
1000 1000 1000 1000 1000 1000 1000 1000 1000 1000 1000 1000 1000 1000 1000 1000 1000 1000 1000 1000 1000 1000 1000 1000 1000 1000 1000 1000 1000 1000 1000 1000 1000 1000 1000 1000 1000 1000 1000 1000 1000 1000 1000 1000 1000 1000 1000 1000 1000 1 
1000 1000 1000 1000 1000 1000 1000 1000 1000 1000 1000 1000 1000 1000 1000 1000 1000 1000 1000 1000 1000 1000 1000 1000 1000 1000 1000 1000 1000 1000 1000 1000 1000 1000 1000 1000 1000 1000 1000 1000 1000 1000 1000 1000 1000 1000 1000 1000 1000 1 
1000 1000 1000 1000 1000 1000 1000 1000 1000 1000 1000 1000 1000 1000 1000 1000 1000 1000 1000 1000 1000 1000 1000 1000 1000 1000 1000 1000 1000 1000 1000 1000 1000 1000 1000 1000 1000 1000 1000 1000 1000 1000 1000 1000 1000 1000 1000 1000 1000 1 
1000 1000 1000 1000 1000 1000 1000 1000 1000 1000 1000 1000 1000 1000 1000 1000 1000 1000 1000 1000 1000 1000 1000 1000 1000 1000 1000 1000 1000 1000 1000 1000 1000 1000 1000 1000 1000 1000 1000 1000 1000 1000 1000 1000 1000 1000 1000 1000 1000 1 
1000 1000 1000 1000 1000 1000 1000 1000 1000 1000 1000 1000 1000 1000 1000 1000 1000 1000 1000 1000 1000 1000 1000 1000 1000 1000 1000 1000 1000 1000 1000 1000 1000 1000 1000 1000 1000 1000 1000 1000 1000 1000 1000 1000 1000 1000 1000 1000 1000 1 
1000 1000 1000 1000 1000 1000 1000 1000 1000 1000 1000 1000 1000 1000 1000 1000 1000 1000 1000 1000 1000 1000 1000 1000 1000 1000 1000 1000 1000 1000 1000 1000 1000 1000 1000 1000 1000 1000 1000 1000 1000 1000 1000 1000 1000 1000 1000 1000 1000 1 
1000 1000 1000 1000 1000 1000 1000 1000 1000 1000 1000 1000 1000 1000 1000 1000 1000 1000 1000 1000 1000 1000 1000 1000 1000 1000 1000 1000 1000 1000 1000 1000 1000 1000 1000 1000 1000 1000 1000 1000 1000 1000 1000 1000 1000 1000 1000 1000 1000 1 
902 1 1 1 1 1 1 1 1 1 1 1 1 1 1 1 1 1 1 1 1 1 1 1 1 1 1 1 1 1 1 1 1 1 1 1 1 1 1 1 1 1 1 1 1 1 1 1 1 1 
Case #3: Possible
181 1 1 1 
211 211 211 1 
211 211 211 1 
205 1 1 1 
Case #4: Possible
165 1 1 1 1 1 1 1 1 1 1 1 1 1 1 1 1 1 1 1 1 1 1 1 1 1 1 1 1 1 1 
210 210 210 210 210 210 210 210 210 210 210 210 210 210 210 210 210 210 210 210 210 210 210 210 210 210 210 210 210 210 1 
210 210 210 210 210 210 210 210 210 210 210 210 210 210 210 210 210 210 210 210 210 210 210 210 210 210 210 210 210 210 1 
177 1 1 1 1 1 1 1 1 1 1 1 1 1 1 1 1 1 1 1 1 1 1 1 1 1 1 1 1 1 1 
Case #5: Possible
31 1 1 1 1 1 1 1 1 1 1 1 1 1 1 1 1 1 1 1 1 1 1 1 1 1 1 1 1 1 1 1 1 1 1 1 1 1 1 1 1 1 1 1 1 1 1 1 1 1 
745 745 745 745 745 745 745 745 745 745 745 745 745 745 745 745 745 745 745 745 745 745 745 745 745 745 745 745 745 745 745 745 745 745 745 745 745 745 745 745 745 745 745 745 745 745 745 745 745 1 
745 745 745 745 745 745 745 745 745 745 745 745 745 745 745 745 745 745 745 745 745 745 745 745 745 745 745 745 745 745 745 745 745 745 745 745 745 745 745 745 745 745 745 745 745 745 745 745 745 1 
745 745 745 745 745 745 745 745 745 745 745 745 745 745 745 745 745 745 745 745 745 745 745 745 745 745 745 745 745 745 745 745 745 745 745 745 745 745 745 745 745 745 745 745 745 745 745 745 745 1 
745 745 745 745 745 745 745 745 745 745 745 745 745 745 745 745 745 745 745 745 745 745 745 745 745 745 745 745 745 745 745 745 745 745 745 745 745 745 745 745 745 745 745 745 745 745 745 745 745 1 
745 745 745 745 745 745 745 745 745 745 745 745 745 745 745 745 745 745 745 745 745 745 745 745 745 745 745 745 745 745 745 745 745 745 745 745 745 745 745 745 745 745 745 745 745 745 745 745 745 1 
745 745 745 745 745 745 745 745 745 745 745 745 745 745 745 745 745 745 745 745 745 745 745 745 745 745 745 745 745 745 745 745 745 745 745 745 745 745 745 745 745 745 745 745 745 745 745 745 745 1 
745 745 745 745 745 745 745 745 745 745 745 745 745 745 745 745 745 745 745 745 745 745 745 745 745 745 745 745 745 745 745 745 745 745 745 745 745 745 745 745 745 745 745 745 745 745 745 745 745 1 
745 745 745 745 745 745 745 745 745 745 745 745 745 745 745 745 745 745 745 745 745 745 745 745 745 745 745 745 745 745 745 745 745 745 745 745 745 745 745 745 745 745 745 745 745 745 745 745 745 1 
745 745 745 745 745 745 745 745 745 745 745 745 745 745 745 745 745 745 745 745 745 745 745 745 745 745 745 745 745 745 745 745 745 745 745 745 745 745 745 745 745 745 745 745 745 745 745 745 745 1 
745 745 745 745 745 745 745 745 745 745 745 745 745 745 745 745 745 745 745 745 745 745 745 745 745 745 745 745 745 745 745 745 745 745 745 745 745 745 745 745 745 745 745 745 745 745 745 745 745 1 
745 745 745 745 745 745 745 745 745 745 745 745 745 745 745 745 745 745 745 745 745 745 745 745 745 745 745 745 745 745 745 745 745 745 745 745 745 745 745 745 745 745 745 745 745 745 745 745 745 1 
745 745 745 745 745 745 745 745 745 745 745 745 745 745 745 745 745 745 745 745 745 745 745 745 745 745 745 745 745 745 745 745 745 745 745 745 745 745 745 745 745 745 745 745 745 745 745 745 745 1 
745 745 745 745 745 745 745 745 745 745 745 745 745 745 745 745 745 745 745 745 745 745 745 745 745 745 745 745 745 745 745 745 745 745 745 745 745 745 745 745 745 745 745 745 745 745 745 745 745 1 
745 745 745 745 745 745 745 745 745 745 745 745 745 745 745 745 745 745 745 745 745 745 745 745 745 745 745 745 745 745 745 745 745 745 745 745 745 745 745 745 745 745 745 745 745 745 745 745 745 1 
745 745 745 745 745 745 745 745 745 745 745 745 745 745 745 745 745 745 745 745 745 745 745 745 745 745 745 745 745 745 745 745 745 745 745 745 745 745 745 745 745 745 745 745 745 745 745 745 745 1 
745 745 745 745 745 745 745 745 745 745 745 745 745 745 745 745 745 745 745 745 745 745 745 745 745 745 745 745 745 745 745 745 745 745 745 745 745 745 745 745 745 745 745 745 745 745 745 745 745 1 
745 745 745 745 745 745 745 745 745 745 745 745 745 745 745 745 745 745 745 745 745 745 745 745 745 745 745 745 745 745 745 745 745 745 745 745 745 745 745 745 745 745 745 745 745 745 745 745 745 1 
745 745 745 745 745 745 745 745 745 745 745 745 745 745 745 745 745 745 745 745 745 745 745 745 745 745 745 745 745 745 745 745 745 745 745 745 745 745 745 745 745 745 745 745 745 745 745 745 745 1 
745 745 745 745 745 745 745 745 745 745 745 745 745 745 745 745 745 745 745 745 745 745 745 745 745 745 745 745 745 745 745 745 745 745 745 745 745 745 745 745 745 745 745 745 745 745 745 745 745 1 
745 745 745 745 745 745 745 745 745 745 745 745 745 745 745 745 745 745 745 745 745 745 745 745 745 745 745 745 745 745 745 745 745 745 745 745 745 745 745 745 745 745 745 745 745 745 745 745 745 1 
745 745 745 745 745 745 745 745 745 745 745 745 745 745 745 745 745 745 745 745 745 745 745 745 745 745 745 745 745 745 745 745 745 745 745 745 745 745 745 745 745 745 745 745 745 745 745 745 745 1 
745 745 745 745 745 745 745 745 745 745 745 745 745 745 745 745 745 745 745 745 745 745 745 745 745 745 745 745 745 745 745 745 745 745 745 745 745 745 745 745 745 745 745 745 745 745 745 745 745 1 
745 745 745 745 745 745 745 745 745 745 745 745 745 745 745 745 745 745 745 745 745 745 745 745 745 745 745 745 745 745 745 745 745 745 745 745 745 745 745 745 745 745 745 745 745 745 745 745 745 1 
745 745 745 745 745 745 745 745 745 745 745 745 745 745 745 745 745 745 745 745 745 745 745 745 745 745 745 745 745 745 745 745 745 745 745 745 745 745 745 745 745 745 745 745 745 745 745 745 745 1 
745 745 745 745 745 745 745 745 745 745 745 745 745 745 745 745 745 745 745 745 745 745 745 745 745 745 745 745 745 745 745 745 745 745 745 745 745 745 745 745 745 745 745 745 745 745 745 745 745 1 
745 745 745 745 745 745 745 745 745 745 745 745 745 745 745 745 745 745 745 745 745 745 745 745 745 745 745 745 745 745 745 745 745 745 745 745 745 745 745 745 745 745 745 745 745 745 745 745 745 1 
745 745 745 745 745 745 745 745 745 745 745 745 745 745 745 745 745 745 745 745 745 745 745 745 745 745 745 745 745 745 745 745 745 745 745 745 745 745 745 745 745 745 745 745 745 745 745 745 745 1 
745 745 745 745 745 745 745 745 745 745 745 745 745 745 745 745 745 745 745 745 745 745 745 745 745 745 745 745 745 745 745 745 745 745 745 745 745 745 745 745 745 745 745 745 745 745 745 745 745 1 
745 745 745 745 745 745 745 745 745 745 745 745 745 745 745 745 745 745 745 745 745 745 745 745 745 745 745 745 745 745 745 745 745 745 745 745 745 745 745 745 745 745 745 745 745 745 745 745 745 1 
745 745 745 745 745 745 745 745 745 745 745 745 745 745 745 745 745 745 745 745 745 745 745 745 745 745 745 745 745 745 745 745 745 745 745 745 745 745 745 745 745 745 745 745 745 745 745 745 745 1 
745 745 745 745 745 745 745 745 745 745 745 745 745 745 745 745 745 745 745 745 745 745 745 745 745 745 745 745 745 745 745 745 745 745 745 745 745 745 745 745 745 745 745 745 745 745 745 745 745 1 
745 745 745 745 745 745 745 745 745 745 745 745 745 745 745 745 745 745 745 745 745 745 745 745 745 745 745 745 745 745 745 745 745 745 745 745 745 745 745 745 745 745 745 745 745 745 745 745 745 1 
745 745 745 745 745 745 745 745 745 745 745 745 745 745 745 745 745 745 745 745 745 745 745 745 745 745 745 745 745 745 745 745 745 745 745 745 745 745 745 745 745 745 745 745 745 745 745 745 745 1 
745 745 745 745 745 745 745 745 745 745 745 745 745 745 745 745 745 745 745 745 745 745 745 745 745 745 745 745 745 745 745 745 745 745 745 745 745 745 745 745 745 745 745 745 745 745 745 745 745 1 
745 745 745 745 745 745 745 745 745 745 745 745 745 745 745 745 745 745 745 745 745 745 745 745 745 745 745 745 745 745 745 745 745 745 745 745 745 745 745 745 745 745 745 745 745 745 745 745 745 1 
745 745 745 745 745 745 745 745 745 745 745 745 745 745 745 745 745 745 745 745 745 745 745 745 745 745 745 745 745 745 745 745 745 745 745 745 745 745 745 745 745 745 745 745 745 745 745 745 745 1 
745 745 745 745 745 745 745 745 745 745 745 745 745 745 745 745 745 745 745 745 745 745 745 745 745 745 745 745 745 745 745 745 745 745 745 745 745 745 745 745 745 745 745 745 745 745 745 745 745 1 
745 745 745 745 745 745 745 745 745 745 745 745 745 745 745 745 745 745 745 745 745 745 745 745 745 745 745 745 745 745 745 745 745 745 745 745 745 745 745 745 745 745 745 745 745 745 745 745 745 1 
745 745 745 745 745 745 745 745 745 745 745 745 745 745 745 745 745 745 745 745 745 745 745 745 745 745 745 745 745 745 745 745 745 745 745 745 745 745 745 745 745 745 745 745 745 745 745 745 745 1 
745 745 745 745 745 745 745 745 745 745 745 745 745 745 745 745 745 745 745 745 745 745 745 745 745 745 745 745 745 745 745 745 745 745 745 745 745 745 745 745 745 745 745 745 745 745 745 745 745 1 
745 745 745 745 745 745 745 745 745 745 745 745 745 745 745 745 745 745 745 745 745 745 745 745 745 745 745 745 745 745 745 745 745 745 745 745 745 745 745 745 745 745 745 745 745 745 745 745 745 1 
745 745 745 745 745 745 745 745 745 745 745 745 745 745 745 745 745 745 745 745 745 745 745 745 745 745 745 745 745 745 745 745 745 745 745 745 745 745 745 745 745 745 745 745 745 745 745 745 745 1 
745 745 745 745 745 745 745 745 745 745 745 745 745 745 745 745 745 745 745 745 745 745 745 745 745 745 745 745 745 745 745 745 745 745 745 745 745 745 745 745 745 745 745 745 745 745 745 745 745 1 
745 745 745 745 745 745 745 745 745 745 745 745 745 745 745 745 745 745 745 745 745 745 745 745 745 745 745 745 745 745 745 745 745 745 745 745 745 745 745 745 745 745 745 745 745 745 745 745 745 1 
745 745 745 745 745 745 745 745 745 745 745 745 745 745 745 745 745 745 745 745 745 745 745 745 745 745 745 745 745 745 745 745 745 745 745 745 745 745 745 745 745 745 745 745 745 745 745 745 745 1 
745 745 745 745 745 745 745 745 745 745 745 745 745 745 745 745 745 745 745 745 745 745 745 745 745 745 745 745 745 745 745 745 745 745 745 745 745 745 745 745 745 745 745 745 745 745 745 745 745 1 
745 745 745 745 745 745 745 745 745 745 745 745 745 745 745 745 745 745 745 745 745 745 745 745 745 745 745 745 745 745 745 745 745 745 745 745 745 745 745 745 745 745 745 745 745 745 745 745 745 1 
745 745 745 745 745 745 745 745 745 745 745 745 745 745 745 745 745 745 745 745 745 745 745 745 745 745 745 745 745 745 745 745 745 745 745 745 745 745 745 745 745 745 745 745 745 745 745 745 745 1 
647 1 1 1 1 1 1 1 1 1 1 1 1 1 1 1 1 1 1 1 1 1 1 1 1 1 1 1 1 1 1 1 1 1 1 1 1 1 1 1 1 1 1 1 1 1 1 1 1 1 
Case #6: Impossible
Case #7: Possible
20 1 
500 1 
500 1 
500 1 
500 1 
500 1 
500 1 
500 1 
500 1 
500 1 
500 1 
500 1 
500 1 
500 1 
500 1 
500 1 
500 1 
500 1 
500 1 
500 1 
500 1 
500 1 
500 1 
500 1 
500 1 
500 1 
500 1 
500 1 
500 1 
500 1 
500 1 
500 1 
500 1 
500 1 
500 1 
500 1 
500 1 
500 1 
500 1 
500 1 
500 1 
500 1 
500 1 
500 1 
500 1 
500 1 
500 1 
500 1 
500 1 
450 1 
Case #8: Impossible
Case #9: Impossible
Case #10: Impossible
Case #11: Possible
62 1 1 1 1 1 1 1 1 1 1 1 1 1 1 1 1 1 1 1 
200 200 200 200 200 200 200 200 200 200 200 200 200 200 200 200 200 200 200 1 
200 200 200 200 200 200 200 200 200 200 200 200 200 200 200 200 200 200 200 1 
200 200 200 200 200 200 200 200 200 200 200 200 200 200 200 200 200 200 200 1 
200 200 200 200 200 200 200 200 200 200 200 200 200 200 200 200 200 200 200 1 
200 200 200 200 200 200 200 200 200 200 200 200 200 200 200 200 200 200 200 1 
200 200 200 200 200 200 200 200 200 200 200 200 200 200 200 200 200 200 200 1 
200 200 200 200 200 200 200 200 200 200 200 200 200 200 200 200 200 200 200 1 
200 200 200 200 200 200 200 200 200 200 200 200 200 200 200 200 200 200 200 1 
200 200 200 200 200 200 200 200 200 200 200 200 200 200 200 200 200 200 200 1 
200 200 200 200 200 200 200 200 200 200 200 200 200 200 200 200 200 200 200 1 
200 200 200 200 200 200 200 200 200 200 200 200 200 200 200 200 200 200 200 1 
200 200 200 200 200 200 200 200 200 200 200 200 200 200 200 200 200 200 200 1 
200 200 200 200 200 200 200 200 200 200 200 200 200 200 200 200 200 200 200 1 
200 200 200 200 200 200 200 200 200 200 200 200 200 200 200 200 200 200 200 1 
200 200 200 200 200 200 200 200 200 200 200 200 200 200 200 200 200 200 200 1 
200 200 200 200 200 200 200 200 200 200 200 200 200 200 200 200 200 200 200 1 
200 200 200 200 200 200 200 200 200 200 200 200 200 200 200 200 200 200 200 1 
200 200 200 200 200 200 200 200 200 200 200 200 200 200 200 200 200 200 200 1 
162 1 1 1 1 1 1 1 1 1 1 1 1 1 1 1 1 1 1 1 
Case #12: Possible
148 1 1 1 1 1 
266 266 266 266 266 1 
266 266 266 266 266 1 
266 266 266 266 266 1 
266 266 266 266 266 1 
256 1 1 1 1 1 
Case #13: Impossible
Case #14: Possible
152 1 1 1 1 1 1 1 
413 413 413 413 413 413 413 1 
413 413 413 413 413 413 413 1 
413 413 413 413 413 413 413 1 
413 413 413 413 413 413 413 1 
401 1 1 1 1 1 1 1 
Case #15: Impossible
Case #16: Possible
53 1 1 
435 435 1 
435 435 1 
430 1 1 
Case #17: Impossible
Case #18: Possible
1 1 
1 1 
Case #19: Possible
998 1 
1 1 
Case #20: Possible
4 1 1 1 1 1 1 1 1 1 1 1 1 1 1 
35 35 35 35 35 35 35 35 35 35 35 35 35 35 1 
35 35 35 35 35 35 35 35 35 35 35 35 35 35 1 
35 35 35 35 35 35 35 35 35 35 35 35 35 35 1 
17 1 1 1 1 1 1 1 1 1 1 1 1 1 1 
Case #21: Possible
1 1 
998 1 
Case #22: Impossible
Case #23: Possible
9 1 1 
8 1 1 
Case #24: Possible
997 1 
997 1 
Case #25: Possible
109 1 1 1 1 
120 120 120 120 1 
120 120 120 120 1 
120 120 120 120 1 
120 120 120 120 1 
120 120 120 120 1 
120 120 120 120 1 
108 1 1 1 1 
Case #26: Possible
213 1 1 1 1 1 1 1 1 1 1 1 1 1 1 1 1 1 1 1 1 1 
237 237 237 237 237 237 237 237 237 237 237 237 237 237 237 237 237 237 237 237 237 1 
237 237 237 237 237 237 237 237 237 237 237 237 237 237 237 237 237 237 237 237 237 1 
93 1 1 1 1 1 1 1 1 1 1 1 1 1 1 1 1 1 1 1 1 1 
Case #27: Possible
316 1 1 1 1 1 1 1 1 1 1 1 
343 343 343 343 343 343 343 343 343 343 343 1 
343 343 343 343 343 343 343 343 343 343 343 1 
343 343 343 343 343 343 343 343 343 343 343 1 
343 343 343 343 343 343 343 343 343 343 343 1 
343 343 343 343 343 343 343 343 343 343 343 1 
343 343 343 343 343 343 343 343 343 343 343 1 
343 343 343 343 343 343 343 343 343 343 343 1 
343 343 343 343 343 343 343 343 343 343 343 1 
343 343 343 343 343 343 343 343 343 343 343 1 
343 343 343 343 343 343 343 343 343 343 343 1 
343 343 343 343 343 343 343 343 343 343 343 1 
343 343 343 343 343 343 343 343 343 343 343 1 
343 343 343 343 343 343 343 343 343 343 343 1 
343 343 343 343 343 343 343 343 343 343 343 1 
343 343 343 343 343 343 343 343 343 343 343 1 
29 1 1 1 1 1 1 1 1 1 1 1 
Case #28: Possible
145 1 1 1 1 1 1 1 1 1 1 1 1 1 
292 292 292 292 292 292 292 292 292 292 292 292 292 1 
292 292 292 292 292 292 292 292 292 292 292 292 292 1 
292 292 292 292 292 292 292 292 292 292 292 292 292 1 
292 292 292 292 292 292 292 292 292 292 292 292 292 1 
292 292 292 292 292 292 292 292 292 292 292 292 292 1 
292 292 292 292 292 292 292 292 292 292 292 292 292 1 
292 292 292 292 292 292 292 292 292 292 292 292 292 1 
292 292 292 292 292 292 292 292 292 292 292 292 292 1 
292 292 292 292 292 292 292 292 292 292 292 292 292 1 
292 292 292 292 292 292 292 292 292 292 292 292 292 1 
268 1 1 1 1 1 1 1 1 1 1 1 1 1 
Case #29: Possible
396 1 1 1 1 1 1 1 1 1 1 
418 418 418 418 418 418 418 418 418 418 1 
418 418 418 418 418 418 418 418 418 418 1 
418 418 418 418 418 418 418 418 418 418 1 
418 418 418 418 418 418 418 418 418 418 1 
418 418 418 418 418 418 418 418 418 418 1 
418 418 418 418 418 418 418 418 418 418 1 
418 418 418 418 418 418 418 418 418 418 1 
418 418 418 418 418 418 418 418 418 418 1 
418 418 418 418 418 418 418 418 418 418 1 
418 418 418 418 418 418 418 418 418 418 1 
418 418 418 418 418 418 418 418 418 418 1 
107 1 1 1 1 1 1 1 1 1 1 
Case #30: Possible
102 1 1 1 1 1 1 1 1 1 1 1 1 1 1 1 1 1 1 1 1 1 1 1 1 1 1 1 1 1 1 1 1 1 1 1 1 1 1 1 1 1 1 1 1 1 1 1 1 1 
900 900 900 900 900 900 900 900 900 900 900 900 900 900 900 900 900 900 900 900 900 900 900 900 900 900 900 900 900 900 900 900 900 900 900 900 900 900 900 900 900 900 900 900 900 900 900 900 900 1 
900 900 900 900 900 900 900 900 900 900 900 900 900 900 900 900 900 900 900 900 900 900 900 900 900 900 900 900 900 900 900 900 900 900 900 900 900 900 900 900 900 900 900 900 900 900 900 900 900 1 
900 900 900 900 900 900 900 900 900 900 900 900 900 900 900 900 900 900 900 900 900 900 900 900 900 900 900 900 900 900 900 900 900 900 900 900 900 900 900 900 900 900 900 900 900 900 900 900 900 1 
900 900 900 900 900 900 900 900 900 900 900 900 900 900 900 900 900 900 900 900 900 900 900 900 900 900 900 900 900 900 900 900 900 900 900 900 900 900 900 900 900 900 900 900 900 900 900 900 900 1 
900 900 900 900 900 900 900 900 900 900 900 900 900 900 900 900 900 900 900 900 900 900 900 900 900 900 900 900 900 900 900 900 900 900 900 900 900 900 900 900 900 900 900 900 900 900 900 900 900 1 
900 900 900 900 900 900 900 900 900 900 900 900 900 900 900 900 900 900 900 900 900 900 900 900 900 900 900 900 900 900 900 900 900 900 900 900 900 900 900 900 900 900 900 900 900 900 900 900 900 1 
900 900 900 900 900 900 900 900 900 900 900 900 900 900 900 900 900 900 900 900 900 900 900 900 900 900 900 900 900 900 900 900 900 900 900 900 900 900 900 900 900 900 900 900 900 900 900 900 900 1 
900 900 900 900 900 900 900 900 900 900 900 900 900 900 900 900 900 900 900 900 900 900 900 900 900 900 900 900 900 900 900 900 900 900 900 900 900 900 900 900 900 900 900 900 900 900 900 900 900 1 
900 900 900 900 900 900 900 900 900 900 900 900 900 900 900 900 900 900 900 900 900 900 900 900 900 900 900 900 900 900 900 900 900 900 900 900 900 900 900 900 900 900 900 900 900 900 900 900 900 1 
900 900 900 900 900 900 900 900 900 900 900 900 900 900 900 900 900 900 900 900 900 900 900 900 900 900 900 900 900 900 900 900 900 900 900 900 900 900 900 900 900 900 900 900 900 900 900 900 900 1 
900 900 900 900 900 900 900 900 900 900 900 900 900 900 900 900 900 900 900 900 900 900 900 900 900 900 900 900 900 900 900 900 900 900 900 900 900 900 900 900 900 900 900 900 900 900 900 900 900 1 
900 900 900 900 900 900 900 900 900 900 900 900 900 900 900 900 900 900 900 900 900 900 900 900 900 900 900 900 900 900 900 900 900 900 900 900 900 900 900 900 900 900 900 900 900 900 900 900 900 1 
900 900 900 900 900 900 900 900 900 900 900 900 900 900 900 900 900 900 900 900 900 900 900 900 900 900 900 900 900 900 900 900 900 900 900 900 900 900 900 900 900 900 900 900 900 900 900 900 900 1 
900 900 900 900 900 900 900 900 900 900 900 900 900 900 900 900 900 900 900 900 900 900 900 900 900 900 900 900 900 900 900 900 900 900 900 900 900 900 900 900 900 900 900 900 900 900 900 900 900 1 
900 900 900 900 900 900 900 900 900 900 900 900 900 900 900 900 900 900 900 900 900 900 900 900 900 900 900 900 900 900 900 900 900 900 900 900 900 900 900 900 900 900 900 900 900 900 900 900 900 1 
900 900 900 900 900 900 900 900 900 900 900 900 900 900 900 900 900 900 900 900 900 900 900 900 900 900 900 900 900 900 900 900 900 900 900 900 900 900 900 900 900 900 900 900 900 900 900 900 900 1 
900 900 900 900 900 900 900 900 900 900 900 900 900 900 900 900 900 900 900 900 900 900 900 900 900 900 900 900 900 900 900 900 900 900 900 900 900 900 900 900 900 900 900 900 900 900 900 900 900 1 
900 900 900 900 900 900 900 900 900 900 900 900 900 900 900 900 900 900 900 900 900 900 900 900 900 900 900 900 900 900 900 900 900 900 900 900 900 900 900 900 900 900 900 900 900 900 900 900 900 1 
900 900 900 900 900 900 900 900 900 900 900 900 900 900 900 900 900 900 900 900 900 900 900 900 900 900 900 900 900 900 900 900 900 900 900 900 900 900 900 900 900 900 900 900 900 900 900 900 900 1 
900 900 900 900 900 900 900 900 900 900 900 900 900 900 900 900 900 900 900 900 900 900 900 900 900 900 900 900 900 900 900 900 900 900 900 900 900 900 900 900 900 900 900 900 900 900 900 900 900 1 
900 900 900 900 900 900 900 900 900 900 900 900 900 900 900 900 900 900 900 900 900 900 900 900 900 900 900 900 900 900 900 900 900 900 900 900 900 900 900 900 900 900 900 900 900 900 900 900 900 1 
900 900 900 900 900 900 900 900 900 900 900 900 900 900 900 900 900 900 900 900 900 900 900 900 900 900 900 900 900 900 900 900 900 900 900 900 900 900 900 900 900 900 900 900 900 900 900 900 900 1 
900 900 900 900 900 900 900 900 900 900 900 900 900 900 900 900 900 900 900 900 900 900 900 900 900 900 900 900 900 900 900 900 900 900 900 900 900 900 900 900 900 900 900 900 900 900 900 900 900 1 
900 900 900 900 900 900 900 900 900 900 900 900 900 900 900 900 900 900 900 900 900 900 900 900 900 900 900 900 900 900 900 900 900 900 900 900 900 900 900 900 900 900 900 900 900 900 900 900 900 1 
900 900 900 900 900 900 900 900 900 900 900 900 900 900 900 900 900 900 900 900 900 900 900 900 900 900 900 900 900 900 900 900 900 900 900 900 900 900 900 900 900 900 900 900 900 900 900 900 900 1 
900 900 900 900 900 900 900 900 900 900 900 900 900 900 900 900 900 900 900 900 900 900 900 900 900 900 900 900 900 900 900 900 900 900 900 900 900 900 900 900 900 900 900 900 900 900 900 900 900 1 
900 900 900 900 900 900 900 900 900 900 900 900 900 900 900 900 900 900 900 900 900 900 900 900 900 900 900 900 900 900 900 900 900 900 900 900 900 900 900 900 900 900 900 900 900 900 900 900 900 1 
900 900 900 900 900 900 900 900 900 900 900 900 900 900 900 900 900 900 900 900 900 900 900 900 900 900 900 900 900 900 900 900 900 900 900 900 900 900 900 900 900 900 900 900 900 900 900 900 900 1 
900 900 900 900 900 900 900 900 900 900 900 900 900 900 900 900 900 900 900 900 900 900 900 900 900 900 900 900 900 900 900 900 900 900 900 900 900 900 900 900 900 900 900 900 900 900 900 900 900 1 
900 900 900 900 900 900 900 900 900 900 900 900 900 900 900 900 900 900 900 900 900 900 900 900 900 900 900 900 900 900 900 900 900 900 900 900 900 900 900 900 900 900 900 900 900 900 900 900 900 1 
900 900 900 900 900 900 900 900 900 900 900 900 900 900 900 900 900 900 900 900 900 900 900 900 900 900 900 900 900 900 900 900 900 900 900 900 900 900 900 900 900 900 900 900 900 900 900 900 900 1 
900 900 900 900 900 900 900 900 900 900 900 900 900 900 900 900 900 900 900 900 900 900 900 900 900 900 900 900 900 900 900 900 900 900 900 900 900 900 900 900 900 900 900 900 900 900 900 900 900 1 
900 900 900 900 900 900 900 900 900 900 900 900 900 900 900 900 900 900 900 900 900 900 900 900 900 900 900 900 900 900 900 900 900 900 900 900 900 900 900 900 900 900 900 900 900 900 900 900 900 1 
900 900 900 900 900 900 900 900 900 900 900 900 900 900 900 900 900 900 900 900 900 900 900 900 900 900 900 900 900 900 900 900 900 900 900 900 900 900 900 900 900 900 900 900 900 900 900 900 900 1 
900 900 900 900 900 900 900 900 900 900 900 900 900 900 900 900 900 900 900 900 900 900 900 900 900 900 900 900 900 900 900 900 900 900 900 900 900 900 900 900 900 900 900 900 900 900 900 900 900 1 
900 900 900 900 900 900 900 900 900 900 900 900 900 900 900 900 900 900 900 900 900 900 900 900 900 900 900 900 900 900 900 900 900 900 900 900 900 900 900 900 900 900 900 900 900 900 900 900 900 1 
900 900 900 900 900 900 900 900 900 900 900 900 900 900 900 900 900 900 900 900 900 900 900 900 900 900 900 900 900 900 900 900 900 900 900 900 900 900 900 900 900 900 900 900 900 900 900 900 900 1 
900 900 900 900 900 900 900 900 900 900 900 900 900 900 900 900 900 900 900 900 900 900 900 900 900 900 900 900 900 900 900 900 900 900 900 900 900 900 900 900 900 900 900 900 900 900 900 900 900 1 
900 900 900 900 900 900 900 900 900 900 900 900 900 900 900 900 900 900 900 900 900 900 900 900 900 900 900 900 900 900 900 900 900 900 900 900 900 900 900 900 900 900 900 900 900 900 900 900 900 1 
900 900 900 900 900 900 900 900 900 900 900 900 900 900 900 900 900 900 900 900 900 900 900 900 900 900 900 900 900 900 900 900 900 900 900 900 900 900 900 900 900 900 900 900 900 900 900 900 900 1 
900 900 900 900 900 900 900 900 900 900 900 900 900 900 900 900 900 900 900 900 900 900 900 900 900 900 900 900 900 900 900 900 900 900 900 900 900 900 900 900 900 900 900 900 900 900 900 900 900 1 
900 900 900 900 900 900 900 900 900 900 900 900 900 900 900 900 900 900 900 900 900 900 900 900 900 900 900 900 900 900 900 900 900 900 900 900 900 900 900 900 900 900 900 900 900 900 900 900 900 1 
900 900 900 900 900 900 900 900 900 900 900 900 900 900 900 900 900 900 900 900 900 900 900 900 900 900 900 900 900 900 900 900 900 900 900 900 900 900 900 900 900 900 900 900 900 900 900 900 900 1 
900 900 900 900 900 900 900 900 900 900 900 900 900 900 900 900 900 900 900 900 900 900 900 900 900 900 900 900 900 900 900 900 900 900 900 900 900 900 900 900 900 900 900 900 900 900 900 900 900 1 
900 900 900 900 900 900 900 900 900 900 900 900 900 900 900 900 900 900 900 900 900 900 900 900 900 900 900 900 900 900 900 900 900 900 900 900 900 900 900 900 900 900 900 900 900 900 900 900 900 1 
900 900 900 900 900 900 900 900 900 900 900 900 900 900 900 900 900 900 900 900 900 900 900 900 900 900 900 900 900 900 900 900 900 900 900 900 900 900 900 900 900 900 900 900 900 900 900 900 900 1 
900 900 900 900 900 900 900 900 900 900 900 900 900 900 900 900 900 900 900 900 900 900 900 900 900 900 900 900 900 900 900 900 900 900 900 900 900 900 900 900 900 900 900 900 900 900 900 900 900 1 
900 900 900 900 900 900 900 900 900 900 900 900 900 900 900 900 900 900 900 900 900 900 900 900 900 900 900 900 900 900 900 900 900 900 900 900 900 900 900 900 900 900 900 900 900 900 900 900 900 1 
802 1 1 1 1 1 1 1 1 1 1 1 1 1 1 1 1 1 1 1 1 1 1 1 1 1 1 1 1 1 1 1 1 1 1 1 1 1 1 1 1 1 1 1 1 1 1 1 1 1 
Case #31: Possible
1 1 1 
6 6 1 
6 6 1 
1 1 1 
Case #32: Possible
1 1 1 1 1 
139 139 139 139 1 
139 139 139 139 1 
132 1 1 1 1 
Case #33: Impossible
Case #34: Possible
154 1 1 1 1 1 1 1 1 1 1 1 1 1 1 1 1 1 1 1 1 1 
222 222 222 222 222 222 222 222 222 222 222 222 222 222 222 222 222 222 222 222 222 1 
222 222 222 222 222 222 222 222 222 222 222 222 222 222 222 222 222 222 222 222 222 1 
222 222 222 222 222 222 222 222 222 222 222 222 222 222 222 222 222 222 222 222 222 1 
222 222 222 222 222 222 222 222 222 222 222 222 222 222 222 222 222 222 222 222 222 1 
222 222 222 222 222 222 222 222 222 222 222 222 222 222 222 222 222 222 222 222 222 1 
222 222 222 222 222 222 222 222 222 222 222 222 222 222 222 222 222 222 222 222 222 1 
222 222 222 222 222 222 222 222 222 222 222 222 222 222 222 222 222 222 222 222 222 1 
222 222 222 222 222 222 222 222 222 222 222 222 222 222 222 222 222 222 222 222 222 1 
222 222 222 222 222 222 222 222 222 222 222 222 222 222 222 222 222 222 222 222 222 1 
222 222 222 222 222 222 222 222 222 222 222 222 222 222 222 222 222 222 222 222 222 1 
222 222 222 222 222 222 222 222 222 222 222 222 222 222 222 222 222 222 222 222 222 1 
222 222 222 222 222 222 222 222 222 222 222 222 222 222 222 222 222 222 222 222 222 1 
222 222 222 222 222 222 222 222 222 222 222 222 222 222 222 222 222 222 222 222 222 1 
222 222 222 222 222 222 222 222 222 222 222 222 222 222 222 222 222 222 222 222 222 1 
222 222 222 222 222 222 222 222 222 222 222 222 222 222 222 222 222 222 222 222 222 1 
222 222 222 222 222 222 222 222 222 222 222 222 222 222 222 222 222 222 222 222 222 1 
222 222 222 222 222 222 222 222 222 222 222 222 222 222 222 222 222 222 222 222 222 1 
222 222 222 222 222 222 222 222 222 222 222 222 222 222 222 222 222 222 222 222 222 1 
222 222 222 222 222 222 222 222 222 222 222 222 222 222 222 222 222 222 222 222 222 1 
222 222 222 222 222 222 222 222 222 222 222 222 222 222 222 222 222 222 222 222 222 1 
222 222 222 222 222 222 222 222 222 222 222 222 222 222 222 222 222 222 222 222 222 1 
222 222 222 222 222 222 222 222 222 222 222 222 222 222 222 222 222 222 222 222 222 1 
222 222 222 222 222 222 222 222 222 222 222 222 222 222 222 222 222 222 222 222 222 1 
222 222 222 222 222 222 222 222 222 222 222 222 222 222 222 222 222 222 222 222 222 1 
222 222 222 222 222 222 222 222 222 222 222 222 222 222 222 222 222 222 222 222 222 1 
222 222 222 222 222 222 222 222 222 222 222 222 222 222 222 222 222 222 222 222 222 1 
222 222 222 222 222 222 222 222 222 222 222 222 222 222 222 222 222 222 222 222 222 1 
222 222 222 222 222 222 222 222 222 222 222 222 222 222 222 222 222 222 222 222 222 1 
222 222 222 222 222 222 222 222 222 222 222 222 222 222 222 222 222 222 222 222 222 1 
222 222 222 222 222 222 222 222 222 222 222 222 222 222 222 222 222 222 222 222 222 1 
222 222 222 222 222 222 222 222 222 222 222 222 222 222 222 222 222 222 222 222 222 1 
222 222 222 222 222 222 222 222 222 222 222 222 222 222 222 222 222 222 222 222 222 1 
222 222 222 222 222 222 222 222 222 222 222 222 222 222 222 222 222 222 222 222 222 1 
222 222 222 222 222 222 222 222 222 222 222 222 222 222 222 222 222 222 222 222 222 1 
222 222 222 222 222 222 222 222 222 222 222 222 222 222 222 222 222 222 222 222 222 1 
222 222 222 222 222 222 222 222 222 222 222 222 222 222 222 222 222 222 222 222 222 1 
222 222 222 222 222 222 222 222 222 222 222 222 222 222 222 222 222 222 222 222 222 1 
222 222 222 222 222 222 222 222 222 222 222 222 222 222 222 222 222 222 222 222 222 1 
222 222 222 222 222 222 222 222 222 222 222 222 222 222 222 222 222 222 222 222 222 1 
222 222 222 222 222 222 222 222 222 222 222 222 222 222 222 222 222 222 222 222 222 1 
222 222 222 222 222 222 222 222 222 222 222 222 222 222 222 222 222 222 222 222 222 1 
222 222 222 222 222 222 222 222 222 222 222 222 222 222 222 222 222 222 222 222 222 1 
222 222 222 222 222 222 222 222 222 222 222 222 222 222 222 222 222 222 222 222 222 1 
222 222 222 222 222 222 222 222 222 222 222 222 222 222 222 222 222 222 222 222 222 1 
222 222 222 222 222 222 222 222 222 222 222 222 222 222 222 222 222 222 222 222 222 1 
222 222 222 222 222 222 222 222 222 222 222 222 222 222 222 222 222 222 222 222 222 1 
47 1 1 1 1 1 1 1 1 1 1 1 1 1 1 1 1 1 1 1 1 1 
Case #35: Possible
337 1 1 1 
376 376 376 1 
376 376 376 1 
376 376 376 1 
376 376 376 1 
376 376 376 1 
376 376 376 1 
376 376 376 1 
376 376 376 1 
376 376 376 1 
376 376 376 1 
376 376 376 1 
376 376 376 1 
376 376 376 1 
376 376 376 1 
376 376 376 1 
376 376 376 1 
376 376 376 1 
376 376 376 1 
376 376 376 1 
376 376 376 1 
376 376 376 1 
376 376 376 1 
376 376 376 1 
376 376 376 1 
376 376 376 1 
376 376 376 1 
376 376 376 1 
376 376 376 1 
376 376 376 1 
376 376 376 1 
376 376 376 1 
376 376 376 1 
376 376 376 1 
376 376 376 1 
376 376 376 1 
21 1 1 1 
Case #36: Impossible
Case #37: Possible
250 1 1 1 1 1 1 1 1 1 1 1 1 1 1 1 1 1 1 1 1 1 1 1 1 1 1 1 1 1 1 1 1 1 1 1 1 1 1 1 1 1 1 1 1 1 1 1 1 1 
10 1 1 1 1 1 1 1 1 1 1 1 1 1 1 1 1 1 1 1 1 1 1 1 1 1 1 1 1 1 1 1 1 1 1 1 1 1 1 1 1 1 1 1 1 1 1 1 1 1 
Case #38: Possible
102 1 1 1 1 1 1 1 1 1 1 1 1 1 1 1 1 1 1 1 1 1 1 1 1 1 
161 161 161 161 161 161 161 161 161 161 161 161 161 161 161 161 161 161 161 161 161 161 161 161 161 1 
161 161 161 161 161 161 161 161 161 161 161 161 161 161 161 161 161 161 161 161 161 161 161 161 161 1 
161 161 161 161 161 161 161 161 161 161 161 161 161 161 161 161 161 161 161 161 161 161 161 161 161 1 
161 161 161 161 161 161 161 161 161 161 161 161 161 161 161 161 161 161 161 161 161 161 161 161 161 1 
161 161 161 161 161 161 161 161 161 161 161 161 161 161 161 161 161 161 161 161 161 161 161 161 161 1 
161 161 161 161 161 161 161 161 161 161 161 161 161 161 161 161 161 161 161 161 161 161 161 161 161 1 
161 161 161 161 161 161 161 161 161 161 161 161 161 161 161 161 161 161 161 161 161 161 161 161 161 1 
161 161 161 161 161 161 161 161 161 161 161 161 161 161 161 161 161 161 161 161 161 161 161 161 161 1 
161 161 161 161 161 161 161 161 161 161 161 161 161 161 161 161 161 161 161 161 161 161 161 161 161 1 
161 161 161 161 161 161 161 161 161 161 161 161 161 161 161 161 161 161 161 161 161 161 161 161 161 1 
161 161 161 161 161 161 161 161 161 161 161 161 161 161 161 161 161 161 161 161 161 161 161 161 161 1 
161 161 161 161 161 161 161 161 161 161 161 161 161 161 161 161 161 161 161 161 161 161 161 161 161 1 
161 161 161 161 161 161 161 161 161 161 161 161 161 161 161 161 161 161 161 161 161 161 161 161 161 1 
161 161 161 161 161 161 161 161 161 161 161 161 161 161 161 161 161 161 161 161 161 161 161 161 161 1 
161 161 161 161 161 161 161 161 161 161 161 161 161 161 161 161 161 161 161 161 161 161 161 161 161 1 
161 161 161 161 161 161 161 161 161 161 161 161 161 161 161 161 161 161 161 161 161 161 161 161 161 1 
161 161 161 161 161 161 161 161 161 161 161 161 161 161 161 161 161 161 161 161 161 161 161 161 161 1 
161 161 161 161 161 161 161 161 161 161 161 161 161 161 161 161 161 161 161 161 161 161 161 161 161 1 
161 161 161 161 161 161 161 161 161 161 161 161 161 161 161 161 161 161 161 161 161 161 161 161 161 1 
161 161 161 161 161 161 161 161 161 161 161 161 161 161 161 161 161 161 161 161 161 161 161 161 161 1 
161 161 161 161 161 161 161 161 161 161 161 161 161 161 161 161 161 161 161 161 161 161 161 161 161 1 
161 161 161 161 161 161 161 161 161 161 161 161 161 161 161 161 161 161 161 161 161 161 161 161 161 1 
161 161 161 161 161 161 161 161 161 161 161 161 161 161 161 161 161 161 161 161 161 161 161 161 161 1 
161 161 161 161 161 161 161 161 161 161 161 161 161 161 161 161 161 161 161 161 161 161 161 161 161 1 
161 161 161 161 161 161 161 161 161 161 161 161 161 161 161 161 161 161 161 161 161 161 161 161 161 1 
161 161 161 161 161 161 161 161 161 161 161 161 161 161 161 161 161 161 161 161 161 161 161 161 161 1 
161 161 161 161 161 161 161 161 161 161 161 161 161 161 161 161 161 161 161 161 161 161 161 161 161 1 
161 161 161 161 161 161 161 161 161 161 161 161 161 161 161 161 161 161 161 161 161 161 161 161 161 1 
161 161 161 161 161 161 161 161 161 161 161 161 161 161 161 161 161 161 161 161 161 161 161 161 161 1 
161 161 161 161 161 161 161 161 161 161 161 161 161 161 161 161 161 161 161 161 161 161 161 161 161 1 
161 161 161 161 161 161 161 161 161 161 161 161 161 161 161 161 161 161 161 161 161 161 161 161 161 1 
161 161 161 161 161 161 161 161 161 161 161 161 161 161 161 161 161 161 161 161 161 161 161 161 161 1 
161 161 161 161 161 161 161 161 161 161 161 161 161 161 161 161 161 161 161 161 161 161 161 161 161 1 
54 1 1 1 1 1 1 1 1 1 1 1 1 1 1 1 1 1 1 1 1 1 1 1 1 1 
Case #39: Possible
35 1 1 1 1 1 1 1 1 1 1 1 1 1 1 1 1 1 1 1 1 1 1 1 1 1 1 1 1 1 1 1 1 1 1 1 1 1 1 1 1 1 1 1 1 
156 156 156 156 156 156 156 156 156 156 156 156 156 156 156 156 156 156 156 156 156 156 156 156 156 156 156 156 156 156 156 156 156 156 156 156 156 156 156 156 156 156 156 156 1 
156 156 156 156 156 156 156 156 156 156 156 156 156 156 156 156 156 156 156 156 156 156 156 156 156 156 156 156 156 156 156 156 156 156 156 156 156 156 156 156 156 156 156 156 1 
156 156 156 156 156 156 156 156 156 156 156 156 156 156 156 156 156 156 156 156 156 156 156 156 156 156 156 156 156 156 156 156 156 156 156 156 156 156 156 156 156 156 156 156 1 
156 156 156 156 156 156 156 156 156 156 156 156 156 156 156 156 156 156 156 156 156 156 156 156 156 156 156 156 156 156 156 156 156 156 156 156 156 156 156 156 156 156 156 156 1 
156 156 156 156 156 156 156 156 156 156 156 156 156 156 156 156 156 156 156 156 156 156 156 156 156 156 156 156 156 156 156 156 156 156 156 156 156 156 156 156 156 156 156 156 1 
156 156 156 156 156 156 156 156 156 156 156 156 156 156 156 156 156 156 156 156 156 156 156 156 156 156 156 156 156 156 156 156 156 156 156 156 156 156 156 156 156 156 156 156 1 
156 156 156 156 156 156 156 156 156 156 156 156 156 156 156 156 156 156 156 156 156 156 156 156 156 156 156 156 156 156 156 156 156 156 156 156 156 156 156 156 156 156 156 156 1 
156 156 156 156 156 156 156 156 156 156 156 156 156 156 156 156 156 156 156 156 156 156 156 156 156 156 156 156 156 156 156 156 156 156 156 156 156 156 156 156 156 156 156 156 1 
156 156 156 156 156 156 156 156 156 156 156 156 156 156 156 156 156 156 156 156 156 156 156 156 156 156 156 156 156 156 156 156 156 156 156 156 156 156 156 156 156 156 156 156 1 
156 156 156 156 156 156 156 156 156 156 156 156 156 156 156 156 156 156 156 156 156 156 156 156 156 156 156 156 156 156 156 156 156 156 156 156 156 156 156 156 156 156 156 156 1 
156 156 156 156 156 156 156 156 156 156 156 156 156 156 156 156 156 156 156 156 156 156 156 156 156 156 156 156 156 156 156 156 156 156 156 156 156 156 156 156 156 156 156 156 1 
156 156 156 156 156 156 156 156 156 156 156 156 156 156 156 156 156 156 156 156 156 156 156 156 156 156 156 156 156 156 156 156 156 156 156 156 156 156 156 156 156 156 156 156 1 
156 156 156 156 156 156 156 156 156 156 156 156 156 156 156 156 156 156 156 156 156 156 156 156 156 156 156 156 156 156 156 156 156 156 156 156 156 156 156 156 156 156 156 156 1 
156 156 156 156 156 156 156 156 156 156 156 156 156 156 156 156 156 156 156 156 156 156 156 156 156 156 156 156 156 156 156 156 156 156 156 156 156 156 156 156 156 156 156 156 1 
156 156 156 156 156 156 156 156 156 156 156 156 156 156 156 156 156 156 156 156 156 156 156 156 156 156 156 156 156 156 156 156 156 156 156 156 156 156 156 156 156 156 156 156 1 
156 156 156 156 156 156 156 156 156 156 156 156 156 156 156 156 156 156 156 156 156 156 156 156 156 156 156 156 156 156 156 156 156 156 156 156 156 156 156 156 156 156 156 156 1 
156 156 156 156 156 156 156 156 156 156 156 156 156 156 156 156 156 156 156 156 156 156 156 156 156 156 156 156 156 156 156 156 156 156 156 156 156 156 156 156 156 156 156 156 1 
156 156 156 156 156 156 156 156 156 156 156 156 156 156 156 156 156 156 156 156 156 156 156 156 156 156 156 156 156 156 156 156 156 156 156 156 156 156 156 156 156 156 156 156 1 
156 156 156 156 156 156 156 156 156 156 156 156 156 156 156 156 156 156 156 156 156 156 156 156 156 156 156 156 156 156 156 156 156 156 156 156 156 156 156 156 156 156 156 156 1 
156 156 156 156 156 156 156 156 156 156 156 156 156 156 156 156 156 156 156 156 156 156 156 156 156 156 156 156 156 156 156 156 156 156 156 156 156 156 156 156 156 156 156 156 1 
156 156 156 156 156 156 156 156 156 156 156 156 156 156 156 156 156 156 156 156 156 156 156 156 156 156 156 156 156 156 156 156 156 156 156 156 156 156 156 156 156 156 156 156 1 
156 156 156 156 156 156 156 156 156 156 156 156 156 156 156 156 156 156 156 156 156 156 156 156 156 156 156 156 156 156 156 156 156 156 156 156 156 156 156 156 156 156 156 156 1 
156 156 156 156 156 156 156 156 156 156 156 156 156 156 156 156 156 156 156 156 156 156 156 156 156 156 156 156 156 156 156 156 156 156 156 156 156 156 156 156 156 156 156 156 1 
156 156 156 156 156 156 156 156 156 156 156 156 156 156 156 156 156 156 156 156 156 156 156 156 156 156 156 156 156 156 156 156 156 156 156 156 156 156 156 156 156 156 156 156 1 
156 156 156 156 156 156 156 156 156 156 156 156 156 156 156 156 156 156 156 156 156 156 156 156 156 156 156 156 156 156 156 156 156 156 156 156 156 156 156 156 156 156 156 156 1 
156 156 156 156 156 156 156 156 156 156 156 156 156 156 156 156 156 156 156 156 156 156 156 156 156 156 156 156 156 156 156 156 156 156 156 156 156 156 156 156 156 156 156 156 1 
156 156 156 156 156 156 156 156 156 156 156 156 156 156 156 156 156 156 156 156 156 156 156 156 156 156 156 156 156 156 156 156 156 156 156 156 156 156 156 156 156 156 156 156 1 
156 156 156 156 156 156 156 156 156 156 156 156 156 156 156 156 156 156 156 156 156 156 156 156 156 156 156 156 156 156 156 156 156 156 156 156 156 156 156 156 156 156 156 156 1 
156 156 156 156 156 156 156 156 156 156 156 156 156 156 156 156 156 156 156 156 156 156 156 156 156 156 156 156 156 156 156 156 156 156 156 156 156 156 156 156 156 156 156 156 1 
156 156 156 156 156 156 156 156 156 156 156 156 156 156 156 156 156 156 156 156 156 156 156 156 156 156 156 156 156 156 156 156 156 156 156 156 156 156 156 156 156 156 156 156 1 
156 156 156 156 156 156 156 156 156 156 156 156 156 156 156 156 156 156 156 156 156 156 156 156 156 156 156 156 156 156 156 156 156 156 156 156 156 156 156 156 156 156 156 156 1 
156 156 156 156 156 156 156 156 156 156 156 156 156 156 156 156 156 156 156 156 156 156 156 156 156 156 156 156 156 156 156 156 156 156 156 156 156 156 156 156 156 156 156 156 1 
156 156 156 156 156 156 156 156 156 156 156 156 156 156 156 156 156 156 156 156 156 156 156 156 156 156 156 156 156 156 156 156 156 156 156 156 156 156 156 156 156 156 156 156 1 
156 156 156 156 156 156 156 156 156 156 156 156 156 156 156 156 156 156 156 156 156 156 156 156 156 156 156 156 156 156 156 156 156 156 156 156 156 156 156 156 156 156 156 156 1 
156 156 156 156 156 156 156 156 156 156 156 156 156 156 156 156 156 156 156 156 156 156 156 156 156 156 156 156 156 156 156 156 156 156 156 156 156 156 156 156 156 156 156 156 1 
156 156 156 156 156 156 156 156 156 156 156 156 156 156 156 156 156 156 156 156 156 156 156 156 156 156 156 156 156 156 156 156 156 156 156 156 156 156 156 156 156 156 156 156 1 
156 156 156 156 156 156 156 156 156 156 156 156 156 156 156 156 156 156 156 156 156 156 156 156 156 156 156 156 156 156 156 156 156 156 156 156 156 156 156 156 156 156 156 156 1 
156 156 156 156 156 156 156 156 156 156 156 156 156 156 156 156 156 156 156 156 156 156 156 156 156 156 156 156 156 156 156 156 156 156 156 156 156 156 156 156 156 156 156 156 1 
156 156 156 156 156 156 156 156 156 156 156 156 156 156 156 156 156 156 156 156 156 156 156 156 156 156 156 156 156 156 156 156 156 156 156 156 156 156 156 156 156 156 156 156 1 
156 156 156 156 156 156 156 156 156 156 156 156 156 156 156 156 156 156 156 156 156 156 156 156 156 156 156 156 156 156 156 156 156 156 156 156 156 156 156 156 156 156 156 156 1 
156 156 156 156 156 156 156 156 156 156 156 156 156 156 156 156 156 156 156 156 156 156 156 156 156 156 156 156 156 156 156 156 156 156 156 156 156 156 156 156 156 156 156 156 1 
156 156 156 156 156 156 156 156 156 156 156 156 156 156 156 156 156 156 156 156 156 156 156 156 156 156 156 156 156 156 156 156 156 156 156 156 156 156 156 156 156 156 156 156 1 
156 156 156 156 156 156 156 156 156 156 156 156 156 156 156 156 156 156 156 156 156 156 156 156 156 156 156 156 156 156 156 156 156 156 156 156 156 156 156 156 156 156 156 156 1 
156 156 156 156 156 156 156 156 156 156 156 156 156 156 156 156 156 156 156 156 156 156 156 156 156 156 156 156 156 156 156 156 156 156 156 156 156 156 156 156 156 156 156 156 1 
156 156 156 156 156 156 156 156 156 156 156 156 156 156 156 156 156 156 156 156 156 156 156 156 156 156 156 156 156 156 156 156 156 156 156 156 156 156 156 156 156 156 156 156 1 
156 156 156 156 156 156 156 156 156 156 156 156 156 156 156 156 156 156 156 156 156 156 156 156 156 156 156 156 156 156 156 156 156 156 156 156 156 156 156 156 156 156 156 156 1 
156 156 156 156 156 156 156 156 156 156 156 156 156 156 156 156 156 156 156 156 156 156 156 156 156 156 156 156 156 156 156 156 156 156 156 156 156 156 156 156 156 156 156 156 1 
156 156 156 156 156 156 156 156 156 156 156 156 156 156 156 156 156 156 156 156 156 156 156 156 156 156 156 156 156 156 156 156 156 156 156 156 156 156 156 156 156 156 156 156 1 
63 1 1 1 1 1 1 1 1 1 1 1 1 1 1 1 1 1 1 1 1 1 1 1 1 1 1 1 1 1 1 1 1 1 1 1 1 1 1 1 1 1 1 1 1 
Case #40: Possible
117 1 1 1 1 1 1 1 1 1 1 1 1 1 1 1 1 1 1 1 1 1 1 1 1 1 1 1 1 1 1 1 1 1 
197 197 197 197 197 197 197 197 197 197 197 197 197 197 197 197 197 197 197 197 197 197 197 197 197 197 197 197 197 197 197 197 197 1 
197 197 197 197 197 197 197 197 197 197 197 197 197 197 197 197 197 197 197 197 197 197 197 197 197 197 197 197 197 197 197 197 197 1 
197 197 197 197 197 197 197 197 197 197 197 197 197 197 197 197 197 197 197 197 197 197 197 197 197 197 197 197 197 197 197 197 197 1 
197 197 197 197 197 197 197 197 197 197 197 197 197 197 197 197 197 197 197 197 197 197 197 197 197 197 197 197 197 197 197 197 197 1 
197 197 197 197 197 197 197 197 197 197 197 197 197 197 197 197 197 197 197 197 197 197 197 197 197 197 197 197 197 197 197 197 197 1 
197 197 197 197 197 197 197 197 197 197 197 197 197 197 197 197 197 197 197 197 197 197 197 197 197 197 197 197 197 197 197 197 197 1 
197 197 197 197 197 197 197 197 197 197 197 197 197 197 197 197 197 197 197 197 197 197 197 197 197 197 197 197 197 197 197 197 197 1 
197 197 197 197 197 197 197 197 197 197 197 197 197 197 197 197 197 197 197 197 197 197 197 197 197 197 197 197 197 197 197 197 197 1 
197 197 197 197 197 197 197 197 197 197 197 197 197 197 197 197 197 197 197 197 197 197 197 197 197 197 197 197 197 197 197 197 197 1 
197 197 197 197 197 197 197 197 197 197 197 197 197 197 197 197 197 197 197 197 197 197 197 197 197 197 197 197 197 197 197 197 197 1 
197 197 197 197 197 197 197 197 197 197 197 197 197 197 197 197 197 197 197 197 197 197 197 197 197 197 197 197 197 197 197 197 197 1 
197 197 197 197 197 197 197 197 197 197 197 197 197 197 197 197 197 197 197 197 197 197 197 197 197 197 197 197 197 197 197 197 197 1 
197 197 197 197 197 197 197 197 197 197 197 197 197 197 197 197 197 197 197 197 197 197 197 197 197 197 197 197 197 197 197 197 197 1 
197 197 197 197 197 197 197 197 197 197 197 197 197 197 197 197 197 197 197 197 197 197 197 197 197 197 197 197 197 197 197 197 197 1 
197 197 197 197 197 197 197 197 197 197 197 197 197 197 197 197 197 197 197 197 197 197 197 197 197 197 197 197 197 197 197 197 197 1 
197 197 197 197 197 197 197 197 197 197 197 197 197 197 197 197 197 197 197 197 197 197 197 197 197 197 197 197 197 197 197 197 197 1 
197 197 197 197 197 197 197 197 197 197 197 197 197 197 197 197 197 197 197 197 197 197 197 197 197 197 197 197 197 197 197 197 197 1 
197 197 197 197 197 197 197 197 197 197 197 197 197 197 197 197 197 197 197 197 197 197 197 197 197 197 197 197 197 197 197 197 197 1 
197 197 197 197 197 197 197 197 197 197 197 197 197 197 197 197 197 197 197 197 197 197 197 197 197 197 197 197 197 197 197 197 197 1 
197 197 197 197 197 197 197 197 197 197 197 197 197 197 197 197 197 197 197 197 197 197 197 197 197 197 197 197 197 197 197 197 197 1 
197 197 197 197 197 197 197 197 197 197 197 197 197 197 197 197 197 197 197 197 197 197 197 197 197 197 197 197 197 197 197 197 197 1 
197 197 197 197 197 197 197 197 197 197 197 197 197 197 197 197 197 197 197 197 197 197 197 197 197 197 197 197 197 197 197 197 197 1 
197 197 197 197 197 197 197 197 197 197 197 197 197 197 197 197 197 197 197 197 197 197 197 197 197 197 197 197 197 197 197 197 197 1 
197 197 197 197 197 197 197 197 197 197 197 197 197 197 197 197 197 197 197 197 197 197 197 197 197 197 197 197 197 197 197 197 197 1 
197 197 197 197 197 197 197 197 197 197 197 197 197 197 197 197 197 197 197 197 197 197 197 197 197 197 197 197 197 197 197 197 197 1 
197 197 197 197 197 197 197 197 197 197 197 197 197 197 197 197 197 197 197 197 197 197 197 197 197 197 197 197 197 197 197 197 197 1 
137 1 1 1 1 1 1 1 1 1 1 1 1 1 1 1 1 1 1 1 1 1 1 1 1 1 1 1 1 1 1 1 1 1 
